# General modules being frequently used
# Kaifang Liu
# 
import numpy as np
from sys import exit
import numba as nb
import time 

import tools as tl



# @nb.njit(nb.types.Tuple((nb.float64[:], nb.float64[:]))(nb.int64, \
#     nb.float64, nb.float64) )
@nb.njit
def quad_1d(nprecision, a=-1.0, b=1.0):

    weights = np.array([2.0, \
        1.0, 1.0, \
        .8888888888888888,
        .5555555555555556, .5555555555555556, \
        .6521451548625461, .6521451548625461,
        .3478548451374538, .3478548451374538,\
        .5688888888888889,
        .4786286704993665, .4786286704993665,
        .2369268850561891, .2369268850561891,\
        .3607615730481386, .3607615730481386,
        .4679139345726910, .4679139345726910,
        .1713244923791704, .1713244923791704,\
        .4179591836734694,
        .3818300505051189, .3818300505051189,
        .2797053914892766, .2797053914892766,
        .1294849661688697, .1294849661688697,\
        .3626837833783620, .3626837833783620,
        .3137066458778873, .3137066458778873,
        .2223810344533745, .2223810344533745,
        .1012285362903763, .1012285362903763,\
        .3302393550012598,
        .1806481606948574, .1806481606948574,
        .0812743883615744, .0812743883615744,
        .3123470770400029, .3123470770400029,
        .2606106964029354, .2606106964029354,\
        .2955242247147529, .2955242247147529,
        .2692667193099963, .2692667193099963,
        .2190863625159820, .2190863625159820,
        .1494513491505806, .1494513491505806,
        .0666713443086881, .0666713443086881,\
        .2729250867779006,
        .2628045445102467, .2628045445102467,
        .2331937645919905, .2331937645919905,
        .1862902109277343, .1862902109277343,
        .1255803694649046, .1255803694649046,
        .0556685671161737, .0556685671161737,
            ])
    nodes = np.array([0.,
        -.5773502691896257, .5773502691896257,
        0.0, -.7745966692414834, .7745966692414834,\
        -.3399810435848563, .3399810435848563, 
        -.8611363115940526, .8611363115940526,\
        0.,
        -.5384693101056831,  .5384693101056831, 
        -.9061798459386640,  .9061798459386640,\
        -.6612093864662645, .6612093864662645, 
        -.2386191860831969,  .2386191860831969,
        -.9324695142031521,  .9324695142031521,\
        0.,
        -.4058451513773972,  .4058451513773972, 
        -.7415311855993945,  .7415311855993945,
        -.9491079123427585,  .9491079123427585,\
        -.1834346424956498, .1834346424956498, 
        -.5255324099163290,  .5255324099163290,
        -.7966664774136267,  .7966664774136267,
        -.9602898564975363,  .9602898564975363,\
        0.,
        -.8360311073266358,  .8360311073266358,
        -.9681602395076261,  .9681602395076261,
        -.3242534234038089,  .3242534234038089,
        -.6133714327005904,  .6133714327005904,\
        -.1488743389816312, .1488743389816312, 
        -.4333953941292472,  .4333953941292472,
        -.6794095682990244,  .6794095682990244,
        -.8650633666889845,  .8650633666889845,
        -.9739065285171717,  .9739065285171717,\
        0.,
        -.2695431559523450,  .2695431559523450,
        -.5190961292068118,  .5190961292068118,
        -.7301520055740494,  .7301520055740494,
        -.8870625997680953,  .8870625997680953,
        -.9782286581460570,  .9782286581460570,
        ])
    
    if nprecision < 1:
        nprecision = 1

    if nprecision > 21:
        raise Exception('QUADS/quad_1d: Precision should not exceed 21.')

    ind = np.array([0, 1, 3, 6, 10, 15, 21, 28, 36, 45, 55, 66], dtype=np.int64)
    # Transform from the reference interval to a general one
    r = .5*(b-a)
    weights = r*weights
    nodes = a+r*(nodes+1)

    degree = np.int64(np.floor((nprecision+2.0)/2.0))

    return weights[ind[degree-1]:ind[degree]], nodes[ind[degree-1]:ind[degree]]


# @nb.njit(nb.types.Tuple((nb.float64[:], nb.float64[:]))(nb.int64, \
#     nb.float64, nb.float64) )
@nb.njit
def quad_1d_Gauss_Lobatto(k=1, a=-1.0, b=1.0):
    '''
        k - if k=1, return 2 points, if k=2, return 3 points, ...
    '''
    weights = np.array([1.0, 1.0,   # n=2
        .3333333333333333333333, 1.333333333333333333333,   # n=3
        .3333333333333333333333,
        .1666666666666666666667, .8333333333333333333333,   # n=4
        .8333333333333333333333, .1666666666666666666667,
        .1,                                                 # n=5
        .544444444444444444444,  .7111111111111111111111, 
        .544444444444444444444,  .1,                     
        .0666666666666666666667, .3784749562978469803166,   # n=6
        .5548583770354863530167, .5548583770354863530167,
        .3784749562978469803166, .0666666666666666666667,
        .0476190476190476190476, .276826047361565948011,    # n=7
        .4317453812098626234179, .487619047619047619048,
        .431745381209862623418,  .2768260473615659480107, 
        .04761904761904761904762,   
        .03571428571428571428571, .210704227143506039383,   # n=8
        .3411226924835043647642,  .4124587946587038815671,
        .412458794658703881567,   .341122692483504364764,
        .210704227143506039383,   .03571428571428571428571,
        .02777777777777777777778, .1654953615608055250463,  # n=9
        .274538712500161735281,   .3464285109730463451151,
        .3715192743764172335601,  .3464285109730463451151,
        .2745387125001617352807,  .165495361560805525046,
        .02777777777777777777778,
        .02222222222222222222222,   .1333059908510701111262,  # n=10
        .2248893420631264521195,    .2920426836796837578756,
        .3275397611838974566565,    .3275397611838974566565,
        .292042683679683757876,      .224889342063126452119,
        .133305990851070111126,     .02222222222222222222222,
        .01818181818181818181818,   .1096122732669948644614, # n=11
        .187169881780305204108,     .2480481042640283140401,
        .2868791247790080886792,    .3002175954556906937859,
        .286879124779008088679,     .2480481042640283140401,
        .1871698817803052041081,    .109612273266994864461,
        .01818181818181818181818,
        .01515151515151515151515,   .091684517413196130668, # n=12
        .1579747055643701151647,    .212508417761021145358,
        .2512756031992012802932,    .2714052409106961770003,
        .2714052409106961770003,    .251275603199201280293,
        .212508417761021145358,     .1579747055643701151647,
        .0916845174131961306683,    .01515151515151515151515,
        ], dtype=np.float64)
    
    nodes = np.array([-1., 1.,  # n=2
        -1., 0., 1.,            # n=3
        -1.,                    -.447213595499957939282,    # n=4
        .447213595499957939282, 1.,    
        -1,                     -.654653670707977143798,    # n=5
        0.,                      .654653670707977143798, 
        1.,
        -1.,                    -.765055323929464692851,    # n=6
        -.2852315164806450963142,  .2852315164806450963142,
        .765055323929464692851,  1.,
        -1.,                        -.830223896278566929872,    # n=7
        -.4688487934707142138038,   0.,
        .468848793470714213804,     .830223896278566929872,
        1.,
        -1.,                        -.8717401485096066153375,   # n=8
        -.5917001814331423021445,   -.2092992179024788687687,
        .2092992179024788687687,    .5917001814331423021445,
        .8717401485096066153375,    1.,
        -1.,                     -.8997579954114601573124,  # n=9
        -.6771862795107377534459, -.3631174638261781587108,
        0.,                        .3631174638261781587108,
        .6771862795107377534459,   .8997579954114601573124,
        1.,
        -1.,                        -.9195339081664588138289, # n=10
        -.7387738651055050750031,   -.4779249498104444956612,
        -.1652789576663870246262,   .1652789576663870246262,
        .4779249498104444956612,    .7387738651055050750031,
        .9195339081664588138289,    1.,
        -1.0,                       -.9340014304080591343323,  # n=11
        -.7844834736631444186224,   -.565235326996205006471,
        -.2957581355869393914319,   0.,
        .2957581355869393914319,    .565235326996205006471,
        .7844834736631444186224,    .9340014304080591343323,
        1.,
        -1.,                        -.9448992722228822234076,  # n=12
        -.8192793216440066783486,   -0.6328761530318606776624,
        -.3995309409653489322643,   -.1365529328549275548641,
        .1365529328549275548641,    .3995309409653489322643,
        .6328761530318606776624,    .8192793216440066783486,
        .9448992722228822234076,    1.,
        ], dtype=np.float64)

    if k < 1:
        k = 1

    if k > 12:
        raise Exception('QUADS/quad_1d_Gauss_Lobatto: Precision should not exceed 12.')

    ind = np.array([0,  2,  5,  9, 14, 20, 27, 35, 44, 54, 65, 77], dtype=np.int64)
    # Transform from the reference interval to a general one
    r = .5*(b-a)
    weights = r*weights
    nodes = a+r*(nodes+1)

    return weights[ind[k-1]:ind[k]], nodes[ind[k-1]:ind[k]]
        




@nb.njit(nb.types.Tuple((nb.float64[:], nb.float64[:,:]))(nb.int64, nb.float64))
def quad_triangle(nprecision, area=1.0):
    '''
    Purpose: return weights and barycentric points on any triangle with 
        area (default area=1)
    Parameter:
        nprecision -  (i, int64, 1 by 1) precision order
        area - (i, float64, 1 by 1) area of the triangle
    References:
        [1] Zhang, L., Cui, T., & Liu, H. (2009). A set of symmetric quadrature 
            rules on triangles and tetrahedra. JCM, 27(1), 89–96.
        [2] L.B. Zhang, Parallel Hierarchical Grid (PHG), src/quad.c
    '''
    # Order:  1 2 3 4 5  6  7  8  9 10 11 12 13 14 15 16 17 18 19 20 21
    # points: 1 3 6 6 7 12 15 16 19 25 28 33 37 46 52 55 61 72 73 88 91
    weights = np.array([1.0, #1-1
        .3333333333333333, .3333333333333333, .3333333333333333, #2-3
        .2811498024409796, .2811498024409796, .2811498024409796, #3-6
        .0521835308923537, .0521835308923537, .0521835308923537,
        .2233815896780115, .2233815896780115, .2233815896780115, #4-6
        .1099517436553219, .1099517436553219, .1099517436553219,
        .225,     #5-7
        .1259391805448272, .1259391805448272, .1259391805448272,
        .1323941527885062, .1323941527885062, .1323941527885062,
        .0508449063702068, .0508449063702068, .0508449063702068,#6-12
        .1167862757263794, .1167862757263794, .1167862757263794,
        .0828510756183736, .0828510756183736, .0828510756183736,
        .0828510756183736, .0828510756183736, .0828510756183736,
        .0135338625156656, .0135338625156656, .0135338625156656, #7-15
        .0789512544320109, .0789512544320109, .0789512544320109,
        .1286079278189061, .1286079278189061, .1286079278189061,
        .0561201442833754, .0561201442833754, .0561201442833754,
        .0561201442833754, .0561201442833754, .0561201442833754,
        .1443156076777872, #8-16
        .10321737053471825, .10321737053471825, .10321737053471825,
        .03245849762319808, .03245849762319808, .03245849762319808,
        .09509163426728462, .09509163426728462, .09509163426728462,
        .02723031417443499, .02723031417443499, .02723031417443499,
        .02723031417443499, .02723031417443499, .02723031417443499,
        .09713579628279883, #9-19
        .031334700227139070536, .031334700227139070536, .031334700227139070536,
        .025577675658698031261, .025577675658698031261, .025577675658698031261,
        .077827541004774279316, .077827541004774279316, .077827541004774279316,
        .079647738927210253032, .079647738927210253032, .079647738927210253032,
        .043283539377289377289, .043283539377289377289, .043283539377289377289,
        .043283539377289377289, .043283539377289377289, .043283539377289377289,
        .080937428797622880257, #10-25
        .07729858800296311727, .07729858800296311727, .07729858800296311727,
        .07845763861237173287, .07845763861237173287, .07845763861237173287,
        .017469167995929485437, .017469167995929485437, .017469167995929485437,
        .004292374184832827705, .004292374184832827705, .004292374184832827705,
        .037468858210467644032, .037468858210467644032, .037468858210467644032,
        .037468858210467644032, .037468858210467644032, .037468858210467644032,
        .026949352591879961044, .026949352591879961044, .026949352591879961044,
        .026949352591879961044, .026949352591879961044, .026949352591879961044,
        .08117796029686715951547596874982357, #11-28
        .012324043506909494118, .012324043506909494118, .012324043506909494118,
        .062828009744410107283, .062828009744410107283, .062828009744410107283,
        .012220379049364529755, .012220379049364529755, .012220379049364529755,
        .067701348952811509920, .067701348952811509920, .067701348952811509920,
        .040219693628851690423, .040219693628851690423, .040219693628851690423,
        .014762272717716101336, .014762272717716101336, .014762272717716101336,
        .014762272717716101336, .014762272717716101336, .014762272717716101336,
        .040727996458299039660, .040727996458299039660, .040727996458299039660,
        .040727996458299039660, .040727996458299039660, .040727996458299039660,
        .006166261051559017233, .006166261051559017233, .006166261051559017233, # 12-33
        .062858224217885100354, .062858224217885100354, .062858224217885100354,
        .034796112930708942989, .034796112930708942989, .034796112930708942989,
        .043692544538038402135, .043692544538038402135, .043692544538038402135,
        .025731066440455335417, .025731066440455335417, .025731066440455335417,
        .022356773202303445711, .022356773202303445711, .022356773202303445711, 
        .022356773202303445711, .022356773202303445711, .022356773202303445711,
        .017316231108658892371, .017316231108658892371, .017316231108658892371,
        .017316231108658892371, .017316231108658892371, .017316231108658892371,
        .040371557766380929517, .040371557766380929517, .040371557766380929517,
        .040371557766380929517, .040371557766380929517, .040371557766380929517,
        .067960036586831644281,                                                 #13-37
        .055601967530453328707, .055601967530453328707, .055601967530453328707,
        .058278485119199981404, .058278485119199981404, .058278485119199981404,
        .006052337103539171841, .006052337103539171841, .006052337103539171841,
        .023994401928894730773, .023994401928894730773, .023994401928894730773,
        .034641276140848370465, .034641276140848370465, .034641276140848370465,
        .034641276140848370465, .034641276140848370465, .034641276140848370465,
        .014965401105165667263, .014965401105165667263, .014965401105165667263,
        .014965401105165667263, .014965401105165667263, .014965401105165667263,
        .024179039811593819137, .024179039811593819137, .024179039811593819137,
        .024179039811593819137, .024179039811593819137, .024179039811593819137,
        .009590681003543262722, .009590681003543262722, .009590681003543262722,
        .009590681003543262722, .009590681003543262722, .009590681003543262722,
        .042162588736993017538, .042162588736993017538, .042162588736993017538, #14-42
        .004923403602400081681, .004923403602400081681, .004923403602400081681,
        .014433699669776667601, .014433699669776667601, .014433699669776667601,
        .032788353544125350641, .032788353544125350641, .032788353544125350641, 
        .021883581369428890640, .021883581369428890640, .021883581369428890640,
        .051774104507291586314, .051774104507291586314, .051774104507291586314,
        .024665753212563673962, .024665753212563673962, .024665753212563673962,
        .024665753212563673962, .024665753212563673962, .024665753212563673962,
        .038571510787060683228, .038571510787060683228, .038571510787060683228,
        .038571510787060683228, .038571510787060683228, .038571510787060683228,
        .014436308113533840496, .014436308113533840496, .014436308113533840496,
        .014436308113533840496, .014436308113533840496, .014436308113533840496,
        .005010228838500671769, .005010228838500671769, .005010228838500671769,
        .005010228838500671769, .005010228838500671769, .005010228838500671769,
        .023571267031906342066,                                                 #15-49
        .015173149557211704503, .015173149557211704503, .015173149557211704503,
        .012976001283928841549, .012976001283928841549, .012976001283928841549,
        .017066295968006156709, .017066295968006156709, .017066295968006156709,
        .045760019462737606984, .045760019462737606984, .045760019462737606984,
        .002227574472822231540, .002227574472822231540, .002227574472822231540,
        .002227574472822231540, .002227574472822231540, .002227574472822231540,
        .027010141659869471013, .027010141659869471013, .027010141659869471013,
        .027010141659869471013, .027010141659869471013, .027010141659869471013,
        .026083779639587564030, .026083779639587564030, .026083779639587564030,
        .026083779639587564030, .026083779639587564030, .026083779639587564030,
        .012110153277028283372, .012110153277028283372, .012110153277028283372,
        .012110153277028283372, .012110153277028283372, .012110153277028283372,
        .015647850596804445733, .015647850596804445733, .015647850596804445733,
        .015647850596804445733, .015647850596804445733, .015647850596804445733,
        .034170889379294792425, .034170889379294792425, .034170889379294792425,
        .034170889379294792425, .034170889379294792425, .034170889379294792425,
        .048022188680377090551,                                                 #16-55
        .014709100306801927103, .014709100306801927103, .014709100306801927103,
        .029544586549319255995, .029544586549319255995, .029544586549319255995,
        .026125017351088377498, .026125017351088377498, .026125017351088377498,
        .002780387352390006975, .002780387352390006975, .002780387352390006975,
        .031821773000536649503, .031821773000536649503, .031821773000536649503,
        .008645834349509659901, .008645834349509659901, .008645834349509659901,
        .014300332904495365146, .014300332904495365146, .014300332904495365146,
        .014300332904495365146, .014300332904495365146, .014300332904495365146,
        .027849777203600829952, .027849777203600829952, .027849777203600829952,
        .027849777203600829952, .027849777203600829952, .027849777203600829952,
        .007041673406636097562, .007041673406636097562, .007041673406636097562,
        .007041673406636097562, .007041673406636097562, .007041673406636097562,
        .017899838259933728601, .017899838259933728601, .017899838259933728601,
        .017899838259933728601, .017899838259933728601, .017899838259933728601,
        .027458200384349763072, .027458200384349763072, .027458200384349763072,
        .027458200384349763072, .027458200384349763072, .027458200384349763072,
        .007299796939431762084, .007299796939431762084, .007299796939431762084,
        .007299796939431762084, .007299796939431762084, .007299796939431762084,
        .038292540080035687494, .038292540080035687494, .038292540080035687494, #17-60
        .016695286997753395943, .016695286997753395943, .016695286997753395943,
        .001435124543590612244, .001435124543590612244, .001435124543590612244,
        .028642768491850536303, .028642768491850536303, .028642768491850536303,
        .034085690782062149647, .034085690782062149647, .034085690782062149647,
        .024672742000530890569, .024672742000530890569, .024672742000530890569,
        .005866797575371341542, .005866797575371341542, .005866797575371341542,
        .023218595004228961511, .023218595004228961511, .023218595004228961511,
        .030849654582514060991, .030849654582514060991, .030849654582514060991,
        .030849654582514060991, .030849654582514060991, .030849654582514060991,
        .018813985440054200387, .018813985440054200387, .018813985440054200387,
        .018813985440054200387, .018813985440054200387, .018813985440054200387,
        .005123434503972855550, .005123434503972855550, .005123434503972855550,
        .005123434503972855550, .005123434503972855550, .005123434503972855550,
        .007012393484752017771, .007012393484752017771, .007012393484752017771,
        .007012393484752017771, .007012393484752017771, .007012393484752017771,
        .015382294435044613113, .015382294435044613113, .015382294435044613113,
        .015382294435044613113, .015382294435044613113, .015382294435044613113,
        .003030131482617131224, .003030131482617131224, .003030131482617131224,
        .003030131482617131224, .003030131482617131224, .003030131482617131224,
        .030748521239115855399,                                                 #18-67
        .020318338845458397305, .020318338845458397305, .020318338845458397305,
        .013790286604766938801, .013790286604766938801, .013790286604766938801,
        .000532005616947780561, .000532005616947780561, .000532005616947780561,
        .033471994059847898118, .033471994059847898118, .033471994059847898118,
        .031116396602006131196, .031116396602006131196, .031116396602006131196,
        .013107027491738755678, .013107027491738755678, .013107027491738755678,
        .016911653917480078794, .016911653917480078794, .016911653917480078794,
        .016911653917480078794, .016911653917480078794, .016911653917480078794,
        .027592886488579478020, .027592886488579478020, .027592886488579478020,
        .027592886488579478020, .027592886488579478020, .027592886488579478020,
        .016365908413986565958, .016365908413986565958, .016365908413986565958,
        .016365908413986565958, .016365908413986565958, .016365908413986565958,
        .007641704972719635950, .007641704972719635950, .007641704972719635950,
        .007641704972719635950, .007641704972719635950, .007641704972719635950,
        .007729835280006227008, .007729835280006227008, .007729835280006227008,
        .007729835280006227008, .007729835280006227008, .007729835280006227008,
        .009586124474361503760, .009586124474361503760, .009586124474361503760,
        .009586124474361503760, .009586124474361503760, .009586124474361503760,
        .004217516774744442909, .004217516774744442909, .004217516774744442909,
        .004217516774744442909, .004217516774744442909, .004217516774744442909,
        .015328258194553140867, .015328258194553140867, .015328258194553140867,
        .015328258194553140867, .015328258194553140867, .015328258194553140867,
        .032906331388918652083,                                                 #19-73
        .010330731891272053367, .010330731891272053367, .010330731891272053367,
        .022387247263016392529, .022387247263016392529, .022387247263016392529,
        .030266125869468070865, .030266125869468070865, .030266125869468070865,
        .030490967802197781000, .030490967802197781000, .030490967802197781000,
        .024159212741640904911, .024159212741640904911, .024159212741640904911,
        .016050803586800875291, .016050803586800875291, .016050803586800875291,
        .008084580261784060481, .008084580261784060481, .008084580261784060481,
        .002079362027484780751, .002079362027484780751, .002079362027484780751,
        .003884876904981389756, .003884876904981389756, .003884876904981389756,
        .003884876904981389756, .003884876904981389756, .003884876904981389756,
        .025574160612021903892, .025574160612021903892, .025574160612021903892,
        .025574160612021903892, .025574160612021903892, .025574160612021903892,
        .008880903573338057745, .008880903573338057745, .008880903573338057745,
        .008880903573338057745, .008880903573338057745, .008880903573338057745,
        .016124546761731391219, .016124546761731391219, .016124546761731391219,
        .016124546761731391219, .016124546761731391219, .016124546761731391219,
        .002491941817490675440, .002491941817490675440, .002491941817490675440,
        .002491941817490675440, .002491941817490675440, .002491941817490675440,
        .018242840118950578377, .018242840118950578377, .018242840118950578377,
        .018242840118950578377, .018242840118950578377, .018242840118950578377,
        .010258563736198521308, .010258563736198521308, .010258563736198521308,
        .010258563736198521308, .010258563736198521308, .010258563736198521308,
        .003799928855301913979, .003799928855301913979, .003799928855301913979,
        .003799928855301913979, .003799928855301913979, .003799928855301913979,
        .023438988376216853375,                                                 #20-82
        .017011878870651791408, .017011878870651791408, .017011878870651791408,
        .022134629025398471497, .022134629025398471497, .022134629025398471497,
        .022250120341489367048, .022250120341489367048, .022250120341489367048,
        .021088014275187657289, .021088014275187657289, .021088014275187657289,
        .014366731982372506741, .014366731982372506741, .014366731982372506741,
        .005960642473090548701, .005960642473090548701, .005960642473090548701,
        .001854461856388562260, .001854461856388562260, .001854461856388562260,
        .007665037998881734679, .007665037998881734679, .007665037998881734679,
        .007665037998881734679, .007665037998881734679, .007665037998881734679,
        .006110966413772695644, .006110966413772695644, .006110966413772695644,
        .006110966413772695644, .006110966413772695644, .006110966413772695644,
        .003297501228907503424, .003297501228907503424, .003297501228907503424,
        .003297501228907503424, .003297501228907503424, .003297501228907503424,
        .002585043287457842439, .002585043287457842439, .002585043287457842439,
        .002585043287457842439, .002585043287457842439, .002585043287457842439,
        .016048299663468336861, .016048299663468336861, .016048299663468336861,
        .016048299663468336861, .016048299663468336861, .016048299663468336861,
        .009873791477894466876, .009873791477894466876, .009873791477894466876,
        .009873791477894466876, .009873791477894466876, .009873791477894466876,
        .008173147417690080895, .008173147417690080895, .008173147417690080895,
        .008173147417690080895, .008173147417690080895, .008173147417690080895,
        .021272124208127078037, .021272124208127078037, .021272124208127078037,
        .021272124208127078037, .021272124208127078037, .021272124208127078037,
        .016295599680726785773, .016295599680726785773, .016295599680726785773,
        .016295599680726785773, .016295599680726785773, .016295599680726785773,
        .019105417814747880665, .019105417814747880665, .019105417814747880665,
        .019105417814747880665, .019105417814747880665, .019105417814747880665,
        ], dtype=np.float64)

    nodes = np.array([
        [.3333333333333333, .3333333333333333, .3333333333333333   ],#1-1
        [.16666666666666666, .16666666666666666, .66666666666666667],#2-3
        [.16666666666666666, .66666666666666667, .16666666666666666],
        [.66666666666666667, .16666666666666666, .16666666666666666], 
        [.1628828503958919, .1628828503958919, .6742342992082162   ],#3-6
        [.1628828503958919, .6742342992082162, .1628828503958919   ],
        [.6742342992082162, .1628828503958919, .1628828503958919   ],
        [.4779198835675637, .4779198835675637, .0441602328648726   ],
        [.4779198835675637, .0441602328648726, .4779198835675637   ],
        [.0441602328648726, .4779198835675637, .4779198835675637   ],
        [.4459484909159649, .4459484909159649, .10810301816807022  ],#4-6
        [.4459484909159649, .10810301816807022, .4459484909159649  ],
        [.10810301816807022, .4459484909159649, .4459484909159649  ],
        [.0915762135097707, .0915762135097707, .8168475729804586   ],
        [.0915762135097707, .8168475729804586, .0915762135097707   ],
        [.8168475729804586, .0915762135097707, .0915762135097707   ],
        [.3333333333333333, .3333333333333333, .3333333333333333   ], #5-7
        [.1012865073234563, .1012865073234563, .7974269853530874   ],
        [.1012865073234563, .7974269853530874, .1012865073234563   ],
        [.7974269853530874, .1012865073234563, .1012865073234563   ],
        [.4701420641051151, .4701420641051151, .05971587178976978  ],
        [.4701420641051151, .05971587178976978, .4701420641051151  ],
        [.05971587178976978, .4701420641051151, .4701420641051151  ],
        [.0630890144915022, .0630890144915022, .8738219710169957], #6-12
        [.0630890144915022, .8738219710169957, .0630890144915022],
        [.8738219710169957, .0630890144915022, .0630890144915022],
        [.2492867451709104, .2492867451709104, .5014265096581791],
        [.2492867451709104, .5014265096581791, .2492867451709104],
        [.5014265096581791, .2492867451709104, .2492867451709104],
        [.0531450498448169, .3103524510337844, .6365024991213987],
        [.3103524510337844, .0531450498448169, .6365024991213987],
        [.0531450498448169, .6365024991213987, .3103524510337844],
        [.3103524510337844, .6365024991213987, .0531450498448169],
        [.6365024991213987, .0531450498448169, .3103524510337844],
        [.6365024991213987, .3103524510337844, .0531450498448169],
        [.0282639241560763, .0282639241560763, .9434721516878474], #7-15
        [.0282639241560763, .9434721516878474, .0282639241560763],
        [.9434721516878474, .0282639241560763, .0282639241560763],
        [.4743113232672225, .4743113232672225, .0513773534655548],
        [.4743113232672225, .0513773534655548, .4743113232672225],
        [.0513773534655548, .4743113232672225, .4743113232672225],
        [.2411433258498488, .2411433258498488, .5177133483003025],
        [.2411433258498488, .5177133483003025, .2411433258498488],
        [.5177133483003025, .2411433258498488, .2411433258498488],
        [.7612227480245238, .0462708777988089, .1925063741766673],
        [.0462708777988089, .7612227480245238, .1925063741766673],
        [.7612227480245238, .1925063741766673, .0462708777988089],
        [.0462708777988089, .1925063741766673, .7612227480245238],
        [.1925063741766673, .0462708777988089, .7612227480245238],
        [.1925063741766673, .7612227480245238, .0462708777988089],
        [.3333333333333333, .3333333333333333, .3333333333333333], # 8-16
        [.1705693077517602, .1705693077517602, .6588613844964796], #3
        [.1705693077517602, .6588613844964796, .1705693077517602],
        [.6588613844964796, .1705693077517602, .1705693077517602],
        [.0505472283170310, .0505472283170310, .898905543365938], #3
        [.0505472283170310, .898905543365938, .0505472283170310],
        [.898905543365938, .0505472283170310, .0505472283170310],
        [.459292588292723156, .459292588292723156, .08141482341455364], #3
        [.459292588292723156, .08141482341455364, .459292588292723156],
        [.08141482341455364, .459292588292723156, .459292588292723156],
        [.263112829634638113, .008394777409957605, .7284923929554042], #6
        [.008394777409957605, .263112829634638113, .7284923929554042],
        [.263112829634638113, .7284923929554042, .008394777409957605],
        [.008394777409957605, .7284923929554042, .263112829634638113],
        [.7284923929554042, .263112829634638113, .008394777409957605],
        [.7284923929554042, .008394777409957605, .263112829634638113],
        [.333333333333333333, .333333333333333333, .333333333333333333], # 9-19
        [.489682519198737627, .489682519198737627, .02063496160252475], #3
        [.489682519198737627, .02063496160252475, .489682519198737627],
        [.02063496160252475, .489682519198737627, .489682519198737627],
        [.04472951339445271207, .04472951339445271207, .91054097321109457586], #3
        [.04472951339445271207, .91054097321109457586, .04472951339445271207],
        [.91054097321109457586, .04472951339445271207, .04472951339445271207],
        [.43708959149293663549, .43708959149293663549, .12582081701412672903], #3
        [.43708959149293663549, .12582081701412672903, .43708959149293663549],
        [.12582081701412672903, .43708959149293663549, .43708959149293663549],
        [.1882035356190327191, .1882035356190327191, .6235929287619345618], #3
        [.1882035356190327191, .6235929287619345618, .1882035356190327191],
        [.6235929287619345618, .1882035356190327191, .1882035356190327191],
        [.7411985987844980084, .22196298916076570573, .036838412054736285883], # 6
        [.22196298916076570573, .7411985987844980084, .036838412054736285883],
        [.7411985987844980084, .036838412054736285883, .22196298916076570573],
        [.22196298916076570573, .036838412054736285883, .7411985987844980084],
        [.036838412054736285883, .7411985987844980084, .22196298916076570573],
        [.036838412054736285883, .22196298916076570573, .7411985987844980084],
        [.333333333333333333, .333333333333333333, .333333333333333333],        # 10-25
        [.4272731788467755143, .4272731788467755143, .14545364230644897141], #3
        [.4272731788467755143, .14545364230644897141, .4272731788467755143],
        [.14545364230644897141, .4272731788467755143, .4272731788467755143],
        [.18309922244867501973, .18309922244867501973, .63380155510264996055], #3
        [.18309922244867501973, .63380155510264996055, .18309922244867501973],
        [.63380155510264996055, .18309922244867501973, .18309922244867501973],
        [.49043401970113059685, .49043401970113059685, .019131960597738806307], #3
        [.49043401970113059685, .019131960597738806307, .49043401970113059685],
        [.019131960597738806307, .49043401970113059685, .49043401970113059685],
        [.012572445551580532785, .012572445551580532785, .97485510889683893443], #3
        [.012572445551580532785, .97485510889683893443, .012572445551580532785],
        [.97485510889683893443, .012572445551580532785, .012572445551580532785],
        [.65426866792006610485, .30804600168524770565, .037685330394686189504], #6
        [.30804600168524770565, .65426866792006610485, .037685330394686189504],
        [.65426866792006610485, .037685330394686189504, .30804600168524770565],
        [.30804600168524770565, .037685330394686189504, .65426866792006610485],
        [.037685330394686189504, .65426866792006610485, .30804600168524770565],
        [.037685330394686189504, .30804600168524770565, .65426866792006610485],
        [.12280457706855926747, .03337183373930478758, .84382358919213594495],  #6
        [.03337183373930478758, .12280457706855926747, .84382358919213594495],
        [.12280457706855926747, .84382358919213594495, .03337183373930478758],
        [.03337183373930478758, .84382358919213594495, .12280457706855926747],
        [.84382358919213594495, .12280457706855926747, .03337183373930478758],
        [.84382358919213594495, .03337183373930478758, .12280457706855926747],
        [.333333333333333333, .333333333333333333, .333333333333333333],        # 11-28
        [.030938355245430784, .030938355245430784, .938123289509138480], #3
        [.030938355245430784, .938123289509138480, .030938355245430784],
        [.938123289509138480, .030938355245430784, .030938355245430784],
        [.436498181134128842, .436498181134128842, .127003637731742280], #3
        [.436498181134128842, .127003637731742280, .436498181134128842],
        [.127003637731742280, .436498181134128842, .436498181134128842],
        [.498984763702593266, .498984763702593266, .002030472594813482], #3
        [.498984763702593266, .002030472594813482, .498984763702593266],
        [.002030472594813482, .498984763702593266, .498984763702593266],
        [.214688197958594336, .214688197958594336, .570623604082811320], #3
        [.214688197958594336, .570623604082811320, .214688197958594336], 
        [.570623604082811320, .214688197958594336, .214688197958594336], 
        [.113683104042113390, .113683104042113390, .772633791915773194], #3
        [.113683104042113390, .772633791915773194, .113683104042113390],
        [.772633791915773194, .113683104042113390, .113683104042113390],
        [.825618766164862904, .159742304591850189, .014638929243286969], #6
        [.159742304591850189, .825618766164862904, .014638929243286969],
        [.825618766164862904, .014638929243286969, .159742304591850189],
        [.159742304591850189, .014638929243286969, .825618766164862904],
        [.014638929243286969, .825618766164862904, .159742304591850189],
        [.014638929243286969, .159742304591850189, .825618766164862904],
        [.640472310134865267, .311783715709599000, .047743974155535718], #6
        [.311783715709599000, .640472310134865267, .047743974155535718],
        [.640472310134865267, .047743974155535718, .311783715709599000],
        [.311783715709599000, .047743974155535718, .640472310134865267],
        [.047743974155535718, .640472310134865267, .311783715709599000],
        [.047743974155535718, .311783715709599000, .640472310134865267],
        [.021317350453210371, .021317350453210371, .957365299093579258], #3   #12-33
        [.021317350453210371, .957365299093579258, .021317350453210371],
        [.957365299093579258, .021317350453210371, .021317350453210371],
        [.271210385012115918, .271210385012115918, .457579229975768165], #3 
        [.271210385012115922, .457579229975768165, .271210385012115918],
        [.457579229975768165, .271210385012115918, .271210385012115918],
        [.127576145541585917, .127576145541585917, .744847708916828166], #3
        [.127576145541585917, .744847708916828166, .127576145541585917],
        [.744847708916828166, .127576145541585917, .127576145541585917],
        [.439724392294460253, .439724392294460253, .120551215411079493], #3
        [.439724392294460253, .120551215411079493, .439724392294460253],
        [.120551215411079493, .439724392294460253, .439724392294460253],
        [.488217389773804855, .488217389773804855, .023565220452390290], #3
        [.488217389773804855, .023565220452390290, .488217389773804855],
        [.023565220452390290, .488217389773804855, .488217389773804855],
        [.695836086787803398, .281325580989939539, .022838332222257063], #6
        [.281325580989939539, .695836086787803398, .022838332222257063],
        [.695836086787803398, .022838332222257063, .281325580989939539],
        [.281325580989939539, .022838332222257063, .695836086787803398],
        [.022838332222257063, .695836086787803398, .281325580989939539],
        [.022838332222257063, .281325580989939539, .695836086787803398],
        [.858014033544072630, .116251915907597141, .025734050548330167], #6
        [.116251915907597141, .858014033544072630, .025734050548330167],
        [.858014033544072630, .025734050548330167, .116251915907597141],
        [.116251915907597141, .025734050548330167, .858014033544072630],
        [.025734050548330167, .858014033544072630, .116251915907597141],
        [.025734050548330167, .116251915907597141, .858014033544072630],
        [.608943235779787817, .275713269685514184, .115343494534697999], #6
        [.275713269685514184, .608943235779787817, .115343494534697999],
        [.608943235779787817, .115343494534697999, .275713269685514184],
        [.275713269685514184, .115343494534697999, .608943235779787817],
        [.115343494534697999, .608943235779787817, .275713269685514184],
        [.115343494534697999, .275713269685514184, .608943235779787817],
        [.333333333333333333, .333333333333333333, .333333333333333333], #1 #13-37
        [.426941414259800406, .426941414259800406, .146117171480399155], #3
        [.426941414259800406, .146117171480399155, .426941414259800406],
        [.146117171480399155, .426941414259800406, .426941414259800406],
